2 0.091667 0.471951 0.172917 0.304878
2 0.222396 0.438415 0.148958 0.245122
2 0.377604 0.398780 0.169792 0.248780
2 0.576042 0.390244 0.141667 0.256098
2 0.716146 0.382927 0.148958 0.273171
2 0.875000 0.414634 0.168750 0.258537
2 0.253125 0.750610 0.210417 0.198780
2 0.652604 0.737195 0.142708 0.184146
2 0.476042 0.670732 0.168750 0.109756
1 0.390104 0.239024 0.096875 0.073171
1 0.089583 0.257317 0.110417 0.124390
1 0.221875 0.275000 0.087500 0.084146
1 0.567187 0.231098 0.084375 0.067073
1 0.721354 0.196951 0.101042 0.101220
1 0.843229 0.238415 0.101042 0.086585
